<function train_NuSVC at 0x10a4fab70> [ Kernel: rbf ]
(357, 287496)
(357,)
(357, 287496)
(357,)
CV Fold: 0
[[ 15.   4.   2.]
 [  6.   9.   5.]
 [  0.   1.  15.]]
--- Performance: 0.684210526316
CV Fold: 1
[[ 17.   7.   5.]
 [  1.  13.   2.]
 [  3.   2.   7.]]
--- Performance: 0.649122807018
CV Fold: 2
[[ 16.   2.   2.]
 [  6.  10.   2.]
 [  1.   1.  17.]]
--- Performance: 0.754385964912
CV Fold: 3
[[ 16.   6.   2.]
 [  2.  11.   3.]
 [  1.   1.  15.]]
--- Performance: 0.736842105263
CV Fold: 4
[[ 25.   3.   5.]
 [  1.   7.   3.]
 [  0.   1.  12.]]
--- Performance: 0.771929824561
CV Fold: 5
[[ 26.   5.   3.]
 [  3.   7.   3.]
 [  3.   4.   3.]]
--- Performance: 0.631578947368
CV Fold: 6
[[ 6.  1.  2.]
 [ 1.  0.  1.]
 [ 0.  0.  4.]]
--- Performance: 0.666666666667
<function train_NuSVC at 0x10a4fab70> [ Kernel: linear ]
(357, 287496)
(357,)
(357, 287496)
(357,)
CV Fold: 0
[[ 17.   6.   1.]
 [  2.   9.   4.]
 [  0.   1.  17.]]
--- Performance: 0.754385964912
CV Fold: 1
[[ 24.   4.   7.]
 [  2.   8.   2.]
 [  1.   1.   8.]]
--- Performance: 0.701754385965
CV Fold: 2
[[ 19.   2.   5.]
 [  5.   6.   4.]
 [  3.   1.  12.]]
--- Performance: 0.649122807018
CV Fold: 3
[[ 21.   7.   1.]
 [  0.  13.   4.]
 [  1.   1.   9.]]
--- Performance: 0.754385964912
CV Fold: 4
[[ 26.   2.   3.]
 [  1.  10.   1.]
 [  0.   1.  13.]]
--- Performance: 0.859649122807
CV Fold: 5
[[ 17.   6.   3.]
 [  3.   7.   4.]
 [  2.   4.  11.]]
--- Performance: 0.614035087719
CV Fold: 6
[[ 4.  2.  1.]
 [ 1.  4.  1.]
 [ 0.  0.  2.]]
--- Performance: 0.666666666667
<function train_NuSVC at 0x10a4fab70> [ Kernel: poly ]
(357, 287496)
(357,)
(357, 287496)
(357,)
CV Fold: 0
[[ 16.   3.   3.]
 [  6.  10.   8.]
 [  0.   0.  11.]]
--- Performance: 0.649122807018
CV Fold: 1
[[ 22.   8.   7.]
 [  5.   8.   4.]
 [  0.   1.   2.]]
--- Performance: 0.561403508772
CV Fold: 2
[[ 17.   3.   2.]
 [ 11.   8.   5.]
 [  1.   0.  10.]]
--- Performance: 0.614035087719
CV Fold: 3
[[ 12.   8.   5.]
 [  5.   9.   5.]
 [  2.   0.  11.]]
--- Performance: 0.561403508772
CV Fold: 4
[[  8.  11.   7.]
 [ 14.   5.   3.]
 [  0.   1.   8.]]
--- Performance: 0.368421052632
CV Fold: 5
[[ 10.  14.   9.]
 [ 11.   2.   2.]
 [  0.   0.   9.]]
--- Performance: 0.368421052632
CV Fold: 6
[[ 8.  1.  1.]
 [ 1.  3.  1.]
 [ 0.  0.  0.]]
--- Performance: 0.733333333333